%YAML:1.0
CameraMatrix_1: !!opencv-matrix
   rows: 3
   cols: 4
   dt: d
   data: [ 5.9275660408893941e+002, 0., 326., 0., 0.,
       5.9275660408893941e+002, 2.4450000000000000e+002, 0., 0., 0., 1.,
       0. ]
CameraMatrix_1_R: !!opencv-matrix
   rows: 3
   cols: 1
   dt: d
   data: [ 0., 0., 0. ]
CameraMatrix_1_t: !!opencv-matrix
   rows: 3
   cols: 1
   dt: d
   data: [ 0., 0., 0. ]
CameraMatrix_2: !!opencv-matrix
   rows: 3
   cols: 4
   dt: d
   data: [ 6.3824863324372882e+002, 2.1288525764866236e+001,
       2.2320813722694459e+002, 5.5263625536967038e+002,
       2.0185797333685112e+001, 5.9310768526955917e+002,
       2.4280949106499276e+002, -7.4655060572845784e+001,
       1.6579883497302139e-001, 2.8752396779256773e-003,
       9.8615540322932060e-001, -1.0655870541586158e-001 ]
CameraMatrix_2_R: !!opencv-matrix
   rows: 3
   cols: 1
   dt: d
   data: [ 8.3254064204464447e-006, -1.6660156654010391e-001,
       -3.4500036349706609e-002 ]
CameraMatrix_2_t: !!opencv-matrix
   rows: 3
   cols: 1
   dt: d
   data: [ 9.9092003241031690e-001, -8.1992265903755801e-002,
       -1.0655870541586158e-001 ]
CameraMatrix_3: !!opencv-matrix
   rows: 3
   cols: 4
   dt: d
   data: [ 6.2531153931270876e+002, 1.6218583495984355e+001,
       2.5760207305611124e+002, 4.5338176516885056e+002,
       1.7874141997943084e+001, 5.9890685492358023e+002,
       2.2832375230018150e+002, 3.9290118487566232e+000,
       1.1140969449882326e-001, 2.6189577560759653e-002,
       9.9342940665095469e-001, -5.8986754837429073e-002 ]
CameraMatrix_3_R: !!opencv-matrix
   rows: 3
   cols: 1
   dt: d
   data: [ 2.5441229609926588e-002, -1.1184173942460905e-001,
       -1.4410919325647947e-002 ]
CameraMatrix_3_t: !!opencv-matrix
   rows: 3
   cols: 1
   dt: d
   data: [ 7.9731114589984398e-001, 3.0959205312800765e-002,
       -5.8986754837429073e-002 ]
CameraMatrix_4: !!opencv-matrix
   rows: 3
   cols: 4
   dt: d
   data: [ 6.2505169435329663e+002, 3.8879828671127594e+000,
       2.5871152789612955e+002, 4.2230341672216417e+002,
       2.1500410212309710e+001, 5.9121905213558000e+002,
       2.4726181760162737e+002, -3.8054153648554703e+001,
       1.1022039778412412e-001, -6.1236403069087845e-003,
       9.9388830606950052e-001, -3.7087799466634722e-002 ]
CameraMatrix_4_R: !!opencv-matrix
   rows: 3
   cols: 1
   dt: d
   data: [ -6.6656203478060007e-003, -1.1041522680123916e-001,
       -9.5790452765362015e-003 ]
CameraMatrix_4_t: !!opencv-matrix
   rows: 3
   cols: 1
   dt: d
   data: [ 7.3283711451169087e-001, -4.8900655815575393e-002,
       -3.7087799466634722e-002 ]
CameraMatrix_5: !!opencv-matrix
   rows: 3
   cols: 4
   dt: d
   data: [ 6.2311917165197610e+002, 1.7952427354540063e+001,
       2.6274816833402804e+002, 3.2774359024908159e+002,
       6.8295476862633926e+000, 5.9179341331862565e+002,
       2.4672769386946206e+002, -5.0350266624383508e+001,
       1.0386871170421128e-001, -2.7063764394304711e-003,
       9.9458733465466742e-001, -2.9794481750940946e-002 ]
CameraMatrix_5_R: !!opencv-matrix
   rows: 3
   cols: 1
   dt: d
   data: [ -4.3571814709137784e-003, -1.0400494551186729e-001,
       -3.1610727989168690e-002 ]
CameraMatrix_5_t: !!opencv-matrix
   rows: 3
   cols: 1
   dt: d
   data: [ 5.6930043287928522e-001, -7.2652949860372601e-002,
       -2.9794481750940946e-002 ]
CameraMatrix_6: !!opencv-matrix
   rows: 3
   cols: 4
   dt: d
   data: [ 6.1878380467656166e+002, 1.8662114327569022e+001,
       2.7275395551646022e+002, 2.6007424781981661e+002,
       6.2420132041522844e+000, 5.9563671770225380e+002,
       2.3731535872567619e+002, -4.4706150775087849e+001,
       8.7388430254758842e-002, 1.2702838352606756e-002,
       9.9609331899947839e-001, -3.7848467972029065e-002 ]
CameraMatrix_6_R: !!opencv-matrix
   rows: 3
   cols: 1
   dt: d
   data: [ 1.1622423333243960e-002, -8.7657189499752736e-002,
       -2.5041660119586133e-002 ]
CameraMatrix_6_t: !!opencv-matrix
   rows: 3
   cols: 1
   dt: d
   data: [ 4.5956948686787513e-001, -5.9809034789947889e-002,
       -3.7848467972029065e-002 ]
