%YAML:1.0
ImagePoints: !!opencv-matrix
   rows: 238
   cols: 1
   dt: "3f"
   data: [ 2.06524567e+002, 1.42746017e+002, 1., 2.09774643e+002,
       1.42545364e+002, 1., 2.11479431e+002, 1.50045486e+002, 1.,
       1.96227509e+002, 1.50698563e+002, 1., 2.11489639e+002,
       1.54508041e+002, 1., 1.90101166e+002, 1.55651749e+002, 1.,
       2.08992905e+002, 1.57407150e+002, 1., 2.47915741e+002,
       1.58022034e+002, 1., 2.11430298e+002, 1.59350098e+002, 1.,
       3.49970917e+002, 1.60196091e+002, 1., 2.13114395e+002,
       1.70733765e+002, 1., 1.79188065e+002, 1.75081161e+002, 1.,
       2.07790176e+002, 1.88814194e+002, 1., 4.71045898e+002,
       2.04964905e+002, 1., 4.74010406e+002, 2.05657837e+002, 1.,
       4.65075653e+002, 2.11813873e+002, 1., 4.21530426e+002,
       2.14581985e+002, 1., 3.16746613e+002, 2.14700745e+002, 1.,
       2.91652161e+002, 2.15379959e+002, 1., 2.83944092e+002,
       2.20175858e+002, 1., 2.92033539e+002, 2.20043808e+002, 1.,
       4.38668701e+002, 2.21353134e+002, 1., 4.18057739e+002,
       2.25767395e+002, 1., 1.88779999e+002, 2.27284729e+002, 1.,
       4.63865143e+002, 2.34254959e+002, 1., 4.20395935e+002,
       2.41434311e+002, 1., 1.87163223e+002, 2.48646683e+002, 1.,
       4.17732025e+002, 2.51132477e+002, 1., 4.23375000e+002,
       2.52160202e+002, 1., 2.83801544e+002, 2.54033997e+002, 1.,
       2.28039063e+002, 2.57790771e+002, 1., 3.03669647e+002,
       2.67329437e+002, 1., 4.17656891e+002, 2.70409424e+002, 1.,
       1.54855408e+002, 2.87617584e+002, 1., 2.05064346e+002,
       2.88880646e+002, 1., 1.87508377e+002, 3.02031891e+002, 1.,
       2.77499939e+002, 3.09247833e+002, 1., 3.15144989e+002,
       3.09014099e+002, 1., 2.04549896e+002, 3.31835999e+002, 1.,
       1.68586609e+002, 3.36438324e+002, 1., 1.13258751e+002,
       3.38729706e+002, 1., 1.41184296e+002, 3.46786804e+002, 1.,
       1.51134338e+002, 3.50210693e+002, 1., 1.31013290e+002,
       3.58789673e+002, 1., 6.74248123e+001, 3.76557770e+002, 1.,
       1.07610901e+002, 3.77929993e+002, 1., 1.03570755e+002,
       3.88458282e+002, 1., 1.27557495e+002, 3.92842438e+002, 1.,
       3.02251663e+001, 3.94327972e+002, 1., 4.21395874e+001,
       4.20007233e+002, 1., 9.27224884e+001, 4.50017059e+002, 1.,
       3.29332458e+002, 1.43544586e+002, 1., 2.22964584e+002,
       1.55393280e+002, 1., 2.22964584e+002, 1.55393280e+002, 1.,
       3.19062988e+002, 1.55468460e+002, 1., 3.52337677e+002,
       1.56746140e+002, 1., 3.51112579e+002, 1.63501083e+002, 1.,
       1.78491974e+002, 1.64345505e+002, 1., 3.50326416e+002,
       1.67019150e+002, 1., 3.50326416e+002, 1.67019150e+002, 1.,
       3.53105865e+002, 1.70012054e+002, 1., 3.51062988e+002,
       1.76232132e+002, 1., 3.29085571e+002, 1.77684631e+002, 1.,
       3.38832397e+002, 1.77241837e+002, 1., 3.06512787e+002,
       1.82059036e+002, 1., 3.06512787e+002, 1.82059036e+002, 1.,
       2.03426727e+002, 1.84249542e+002, 1., 3.44444122e+002,
       1.89746796e+002, 1., 3.44444122e+002, 1.89746796e+002, 1.,
       1.84931427e+002, 2.06058258e+002, 1., 1.84931427e+002,
       2.06058258e+002, 1., 3.63747559e+002, 2.06642426e+002, 1.,
       3.25798889e+002, 2.08903778e+002, 1., 4.42145416e+002,
       2.13050140e+002, 1., 3.12980377e+002, 2.16201340e+002, 1.,
       3.31241272e+002, 2.16393463e+002, 1., 3.31241272e+002,
       2.16393463e+002, 1., 3.21490784e+002, 2.16926224e+002, 1.,
       4.28990845e+002, 2.20119263e+002, 1., 4.28990845e+002,
       2.20119263e+002, 1., 4.21017426e+002, 2.20598358e+002, 1.,
       4.26135651e+002, 2.22483826e+002, 1., 4.44857422e+002,
       2.27502625e+002, 1., 3.13126953e+002, 2.37402756e+002, 1.,
       1.89981750e+002, 2.40114243e+002, 1., 3.09999481e+002,
       2.41515411e+002, 1., 3.10268616e+002, 2.56725861e+002, 1.,
       3.42843353e+002, 2.69492950e+002, 1., 4.23204254e+002,
       2.70537750e+002, 1., 3.21339539e+002, 2.72506165e+002, 1.,
       3.38127319e+002, 2.72321503e+002, 1., 2.31234116e+002,
       2.73433289e+002, 1., 2.82136322e+002, 2.77649902e+002, 1.,
       4.42027069e+002, 2.77999451e+002, 1., 3.50994202e+002,
       2.99901093e+002, 1., 1.41166077e+002, 3.00440399e+002, 1.,
       3.47445160e+002, 3.02104523e+002, 1., 1.29277374e+002,
       3.02343445e+002, 1., 3.70497040e+002, 3.06061157e+002, 1.,
       3.61936676e+002, 3.06380585e+002, 1., 1.80473862e+002,
       3.27334747e+002, 1., 1.47404099e+002, 3.31934174e+002, 1.,
       1.57531647e+002, 3.55175171e+002, 1., 1.05734085e+002,
       3.61424530e+002, 1., 1.21444473e+002, 3.62820496e+002, 1.,
       1.41251236e+002, 3.73541412e+002, 1., 1.46100693e+002,
       3.77269775e+002, 1., 7.04129791e+001, 3.81534332e+002, 1.,
       6.15962944e+001, 3.81941986e+002, 1., 9.90651245e+001,
       3.82342468e+002, 1., 1.06813263e+002, 3.91851379e+002, 1.,
       2.74104767e+001, 3.94092438e+002, 1., 1.13988197e+002,
       3.96562439e+002, 1., 7.70601578e+001, 4.06963867e+002, 1.,
       3.65936279e+001, 4.12222839e+002, 1., 4.51940041e+001,
       4.22941559e+002, 1., 8.61802292e+001, 4.28791168e+002, 1.,
       8.78784637e+001, 4.34772644e+002, 1., 9.29451752e+001,
       4.44408905e+002, 1., 2.17634003e+002, 1.56377594e+002, 1.,
       3.37540405e+002, 1.58077484e+002, 1., 3.29598053e+002,
       1.58703857e+002, 1., 2.99612549e+002, 1.59770874e+002, 1.,
       3.07579224e+002, 1.59628189e+002, 1., 3.16161591e+002,
       1.59455795e+002, 1., 2.88091309e+002, 1.63952316e+002, 1.,
       2.88091309e+002, 1.63952316e+002, 1., 3.46398468e+002,
       1.69583923e+002, 1., 3.38498047e+002, 1.70499985e+002, 1.,
       3.07924988e+002, 1.71173874e+002, 1., 3.30578705e+002,
       1.71038132e+002, 1., 3.30578705e+002, 1.71038132e+002, 1.,
       3.23355072e+002, 1.71396255e+002, 1., 3.67762970e+002,
       1.71106842e+002, 1., 3.59623352e+002, 1.72015793e+002, 1.,
       3.59623352e+002, 1.72015793e+002, 1., 3.54408661e+002,
       1.73583359e+002, 1., 2.11403244e+002, 1.74287781e+002, 1.,
       3.10361755e+002, 1.74693741e+002, 1., 3.10361755e+002,
       1.74693741e+002, 1., 2.00322052e+002, 1.80778839e+002, 1.,
       3.25975311e+002, 1.90176666e+002, 1., 4.72451782e+002,
       2.00084000e+002, 1., 4.15338287e+002, 2.03441605e+002, 1.,
       4.71569885e+002, 2.20700378e+002, 1., 4.71569885e+002,
       2.20700378e+002, 1., 4.51488220e+002, 2.26385300e+002, 1.,
       3.77627106e+002, 2.42651749e+002, 1., 2.84586029e+002,
       2.50362167e+002, 1., 3.17689941e+002, 2.70625885e+002, 1.,
       1.12384727e+002, 3.09277069e+002, 1., 1.84476669e+002,
       3.19358978e+002, 1., 1.72202072e+002, 3.20826935e+002, 1.,
       1.40298676e+002, 3.30974091e+002, 1., 1.05737503e+002,
       3.51171875e+002, 1., 6.12005577e+001, 3.72513031e+002, 1.,
       7.45977097e+001, 3.91901550e+002, 1., 5.73280983e+001,
       4.04299927e+002, 1., 2.18076584e+002, 1.56135620e+002, 1.,
       3.40643005e+002, 1.63321014e+002, 1., 1.93204285e+002,
       1.65419540e+002, 1., 4.84305267e+002, 1.76586319e+002, 1.,
       3.39360107e+002, 1.82262634e+002, 1., 3.29181152e+002,
       1.83079880e+002, 1., 3.34742035e+002, 1.88981033e+002, 1.,
       4.29924042e+002, 2.08530472e+002, 1., 4.52625977e+002,
       2.14812363e+002, 1., 4.67914154e+002, 2.15218750e+002, 1.,
       4.62376923e+002, 2.18091904e+002, 1., 4.70897217e+002,
       2.39454254e+002, 1., 3.21991455e+002, 2.62439392e+002, 1.,
       4.21287292e+002, 2.75485321e+002, 1., 1.75073761e+002,
       2.98701508e+002, 1., 4.06118530e+002, 3.00936646e+002, 1.,
       1.12573303e+002, 3.09181732e+002, 1., 2.73567078e+002,
       3.12500031e+002, 1., 9.36113586e+001, 3.36848999e+002, 1.,
       7.38820572e+001, 3.70801025e+002, 1., 3.81116333e+001,
       4.01382324e+002, 1., 3.13304932e+002, 1.49866028e+002, 1.,
       3.18390015e+002, 1.60132080e+002, 1., 1.86763489e+002,
       1.66365372e+002, 1., 3.39963989e+002, 1.83850220e+002, 1.,
       4.26066254e+002, 1.96946075e+002, 1., 4.77241119e+002,
