<?xml version="1.0"?>
<opencv_storage>
<Corners4D type_id="opencv-matrix">
  <rows>607</rows>
  <cols>4</cols>
  <dt>f</dt>
  <data>
    -1.87684268e-001 -3.31242718e-002 -9.78861570e-001 -7.42123798e-002
    -1.97671279e-001 -8.36132914e-002 -9.73735809e-001 -7.59831741e-002
    -2.07928747e-001 -1.37780756e-001 -9.65254486e-001 -7.78835863e-002
    -2.18162775e-001 -1.95844397e-001 -9.52805936e-001 -7.88090527e-002
    -2.26712823e-001 -2.57392496e-001 -9.35886323e-001 -8.04186985e-002
    2.35979497e-001 3.19103062e-001 9.14202154e-001 8.19838420e-002
    -1.29724383e-001 -3.27534527e-002 -9.88155901e-001 -7.51446187e-002
    -1.37812719e-001 -8.42337385e-002 -9.83871460e-001 -7.68716931e-002
    -1.46089852e-001 -1.39708310e-001 -9.76213217e-001 -7.84037337e-002
    -1.54410154e-001 -1.98394269e-001 -9.64544356e-001 -8.03206563e-002
    1.62081793e-001 2.60588706e-001 9.48219061e-001 8.18755180e-002
    1.69189185e-001 3.25214207e-001 9.26644087e-001 8.33153278e-002
    -7.03233182e-002 -3.12507488e-002 -9.94172633e-001 -7.54906014e-002
    -7.60520324e-002 -8.53329897e-002 -9.90478039e-001 -7.67305270e-002
    -8.18193257e-002 -1.40699118e-001 -9.83477116e-001 -7.92600513e-002
    8.83950442e-002 1.99997097e-001 9.72434282e-001 8.09879825e-002
    9.43447649e-002 2.62872607e-001 9.56627607e-001 8.28293934e-002
    9.98732522e-002 3.29541564e-001 9.35052395e-001 8.42892304e-002
    -8.82494170e-003 -3.14696357e-002 -9.96624768e-001 -7.53053799e-002
    -1.22265900e-002 -8.59467164e-002 -9.93219256e-001 -7.73249790e-002
    1.63897388e-002 1.41096950e-001 9.86679018e-001 7.92937353e-002
    2.04442572e-002 2.00872481e-001 9.76006746e-001 8.15054253e-002
    2.41989158e-002 2.65241206e-001 9.60262895e-001 8.34067315e-002
    2.81128082e-002 3.32041442e-001 9.38965440e-001 8.54519159e-002
    5.32902516e-002 -3.18078287e-002 -9.95278299e-001 -7.46292919e-002
    -5.19676432e-002 8.56140256e-002 9.92002904e-001 7.68105909e-002
    -5.03800586e-002 1.41541556e-001 9.85478282e-001 7.91224167e-002
    -4.85889763e-002 2.01703176e-001 9.74846244e-001 8.14231783e-002
    -4.70782965e-002 2.66130030e-001 9.59132850e-001 8.38009864e-002
    -4.51075546e-002 3.33758831e-001 9.37678695e-001 8.56095254e-002
    1.15591019e-001 -3.16985473e-002 -9.90017593e-001 -7.41557106e-002
    1.16347134e-001 -8.52529407e-002 -9.86618161e-001 -7.60253817e-002
    -1.17378585e-001 1.41594917e-001 9.79767382e-001 7.89244249e-002
    -1.18059240e-001 2.01690376e-001 9.68901277e-001 8.13222006e-002
    -1.18303657e-001 2.66287237e-001 9.52963769e-001 8.33989754e-002
    -1.18377581e-001 3.32935870e-001 9.31570649e-001 8.55367482e-002
    1.77370101e-001 -3.11033316e-002 -9.80916798e-001 -7.33123124e-002
    1.80414274e-001 -8.44893381e-002 -9.77042794e-001 -7.54959434e-002
    -1.83870912e-001 1.40843272e-001 9.69653010e-001 7.82796964e-002
    -1.87121794e-001 2.00087786e-001 9.58321750e-001 8.10540989e-002
    -1.89527497e-001 2.64132679e-001 9.42012072e-001 8.32258612e-002
    -1.91177189e-001 3.30545515e-001 9.20281589e-001 8.52801427e-002
    2.38518313e-001 -3.00250296e-002 -9.67998028e-001 -7.20232055e-002
    2.44124860e-001 -8.18387419e-002 -9.63399470e-001 -7.46118948e-002
    -2.49828383e-001 1.37319446e-001 9.55366969e-001 7.74799362e-002
    -2.55350083e-001 1.96159810e-001 9.43342924e-001 8.01361799e-002
    -2.59543121e-001 2.59537578e-001 9.26535368e-001 8.25217962e-002
    -2.62693137e-001 3.24774384e-001 9.04598713e-001 8.49416852e-002
    -6.59327880e-002 3.69944602e-001 -9.20637190e-001 -1.05929367e-001
    -7.77637139e-002 3.68531764e-001 -9.20180202e-001 -1.06796548e-001
    -7.77637139e-002 3.68531764e-001 -9.20180202e-001 -1.06796548e-001
    -7.35222921e-002 3.67452651e-001 -9.21154857e-001 -1.05103336e-001
    -1.23760134e-001 3.65218550e-001 -9.16641235e-001 -1.05202973e-001
    -8.50519463e-002 3.65979195e-001 -9.20469046e-001 -1.07527316e-001
    2.20689431e-001 3.56212765e-001 -9.03508604e-001 -8.98934528e-002
    1.66121617e-001 3.60206723e-001 -9.13145721e-001 -9.39126462e-002
    -1.35490477e-001 3.59844565e-001 -9.17118967e-001 -1.05104968e-001
    -9.12291929e-002 3.54827762e-001 -9.24720824e-001 -1.03275947e-001
    -1.20050378e-001 3.52654219e-001 -9.22270834e-001 -1.03147298e-001
    -1.47609398e-001 3.48953903e-001 -9.19505477e-001 -1.04653068e-001
    -1.47609398e-001 3.48953903e-001 -9.19505477e-001 -1.04653068e-001
    -1.85504749e-001 3.44445407e-001 -9.14663672e-001 -1.01664469e-001
    -1.25470430e-001 3.47134709e-001 -9.23796594e-001 -1.01757459e-001
    -1.39153525e-001 3.46767873e-001 -9.21907902e-001 -1.02343507e-001
    -1.38305694e-001 3.42783302e-001 -9.23655391e-001 -1.01152815e-001
    -1.80013150e-001 3.33741933e-001 -9.19844568e-001 -1.00486822e-001
    -4.53068465e-002 3.38620096e-001 -9.34898317e-001 -9.61708575e-002
    -4.52705324e-002 3.34643215e-001 -9.36404765e-001 -9.54497308e-002
    3.33374530e-001 3.14387143e-001 -8.85529220e-001 -7.65515491e-002
    -2.31045157e-001 3.19062948e-001 -9.13690507e-001 -9.99332666e-002
    -2.31045157e-001 3.19062948e-001 -9.13690507e-001 -9.99332666e-002
    -1.11083828e-001 3.23937178e-001 -9.34545696e-001 -9.66921523e-002
    -2.26539955e-001 3.17540795e-001 -9.15267587e-001 -1.00661471e-001
    -2.34959409e-001 3.16055417e-001 -9.13940012e-001 -9.80649740e-002
    -9.59426612e-002 3.21443856e-001 -9.37150419e-001 -9.60099176e-002
    -9.59426612e-002 3.21443856e-001 -9.37150419e-001 -9.60099176e-002
    -2.41611913e-001 3.12499344e-001 -9.13349867e-001 -9.87922847e-002
    -9.80041772e-002 3.17581922e-001 -9.38351035e-001 -9.50488374e-002
    -1.39872551e-001 3.12209606e-001 -9.34939325e-001 -9.40709114e-002
    5.09798266e-002 3.06494683e-001 -9.46651816e-001 -8.55128020e-002
    -1.42889306e-001 3.01639199e-001 -9.37844336e-001 -9.51022208e-002
    2.70225912e-001 2.89242268e-001 -9.15140569e-001 -7.63844699e-002
    2.37858653e-001 2.77203739e-001 -9.27744329e-001 -7.66279474e-002
    3.49410236e-001 2.65310585e-001 -8.95777047e-001 -7.14580789e-002
    3.49410236e-001 2.65310585e-001 -8.95777047e-001 -7.14580789e-002
    -1.83697000e-001 2.76981980e-001 -9.38450873e-001 -9.40548703e-002
    -1.87517405e-001 2.71940947e-001 -9.39314425e-001 -9.25943404e-002
    -1.87517405e-001 2.71940947e-001 -9.39314425e-001 -9.25943404e-002
    -3.57700512e-002 2.75465310e-001 -9.56773460e-001 -8.61619562e-002
    -3.57700512e-002 2.75465310e-001 -9.56773460e-001 -8.61619562e-002
    3.77281755e-001 2.53595352e-001 -8.87771904e-001 -7.21727163e-002
    -6.24422804e-002 2.72624761e-001 -9.56186652e-001 -8.65091383e-002
    -2.16352895e-001 2.65294552e-001 -9.34920490e-001 -9.34552029e-002
    -2.33649001e-001 2.57492542e-001 -9.32903349e-001 -9.37926397e-002
    -1.07005022e-001 2.58536249e-001 -9.56082523e-001 -8.72646868e-002
    -1.07005022e-001 2.58536249e-001 -9.56082523e-001 -8.72646868e-002
    -2.24248841e-001 2.51516312e-001 -9.37008381e-001 -9.20178369e-002
    -2.31692001e-001 2.50029176e-001 -9.35567021e-001 -9.22958031e-002
    -1.56170055e-002 2.51933962e-001 -9.64090884e-001 -8.25475901e-002
    -2.46549938e-002 2.50760138e-001 -9.64194775e-001 -8.27035606e-002
    -2.28635937e-001 2.42320836e-001 -9.38384056e-001 -9.18780938e-002
    2.91286916e-001 2.38026753e-001 -9.23812032e-001 -7.11798146e-002
    3.91126454e-001 2.26601616e-001 -8.89599681e-001 -6.54537976e-002
    -6.83190972e-002 2.40547508e-001 -9.64553058e-001 -8.43020454e-002
    -1.00020021e-001 2.38368690e-001 -9.62242126e-001 -8.52434635e-002
    5.15994132e-002 2.21978083e-001 -9.70764041e-001 -7.53685087e-002
    -1.43396184e-001 2.17204720e-001 -9.61926460e-001 -8.34095031e-002
    -5.95071949e-002 2.17491388e-001 -9.70904946e-001 -8.06222856e-002
    -1.13329947e-001 2.13643581e-001 -9.66735423e-001 -8.32788125e-002
    2.80418187e-001 2.02984437e-001 -9.35639560e-001 -6.88594431e-002
    -6.39504120e-002 2.06580237e-001 -9.72992957e-001 -8.07441100e-002
